100 2 1
100 1 1
100 4 2
100 3 2
101 2 1
101 1 1
101 4 2
101 3 2
102 2 1
102 1 1
102 4 2
102 3 2
103 2 1
103 1 1
103 4 2
103 3 2
104 2 1
104 1 1
104 4 2
104 3 2
105 2 1
105 1 1
105 4 2
105 3 2
106 2 1
106 1 1
106 4 2
106 3 2
107 2 1
107 1 1
107 4 2
107 3 2
108 2 1
108 1 1
108 4 2
108 3 2
109 2 1
109 1 1
109 4 2
109 3 2
110 2 1
110 1 1
110 4 2
110 3 2
111 2 1
111 1 1
111 4 2
111 3 2
112 2 1
112 1 1
112 4 2
112 3 2
113 2 1
113 1 1
113 4 2
113 3 2
114 2 1
114 1 1
114 4 2
114 3 2
115 2 1
115 1 1
115 4 2
115 3 2
116 2 1
116 1 1
116 4 2
116 3 2
117 2 1
117 1 1
117 4 2
117 3 2
118 2 1
118 1 1
118 4 2
118 3 2
119 2 1
119 1 1
119 4 2
119 3 2
120 2 1
120 1 1
120 4 2
120 3 2
121 2 1
121 1 1
121 4 2
121 3 2
122 2 1
122 1 1
122 4 2
122 3 2
123 2 1
123 1 1
123 4 2
123 3 2
124 2 1
124 1 1
124 4 2
124 3 2
125 2 1
125 1 1
125 4 2
125 3 2
126 2 1
126 1 1
126 4 2
126 3 2
127 2 1
127 1 1
127 4 2
127 3 2
128 2 1
128 1 1
128 4 2
128 3 2
129 2 1
129 1 1
129 4 2
129 3 2
130 2 1
130 1 1
130 4 2
130 3 2
131 2 1
131 1 1
131 4 2
131 3 2
132 2 1
132 1 1
132 4 2
132 3 2
133 2 1
133 1 1
133 4 2
133 3 2
134 2 1
134 1 1
134 4 2
134 3 2
135 2 1
135 1 1
135 4 2
135 3 2
136 2 1
136 1 1
136 4 2
136 3 2
137 2 1
137 1 1
137 4 2
137 3 2
138 2 1
138 1 1
138 4 2
138 3 2
139 2 1
139 1 1
139 4 2
139 3 2
140 2 1
140 1 1
140 4 2
140 3 2
141 2 1
141 1 1
141 4 2
141 3 2
142 2 1
142 1 1
142 4 2
142 3 2
143 2 1
143 1 1
143 4 2
143 3 2
144 2 1
144 1 1
144 4 2
144 3 2
145 2 1
145 1 1
145 4 2
145 3 2
146 2 1
146 1 1
146 4 2
146 3 2
147 2 1
147 1 1
147 4 2
147 3 2
148 2 1
148 1 1
148 4 2
148 3 2
149 2 1
149 1 1
149 4 2
149 3 2
150 2 1
150 1 1
150 4 2
150 3 2
151 2 1
151 1 1
151 4 2
151 3 2
152 2 1
152 1 1
152 4 2
152 3 2
153 2 1
153 1 1
153 4 2
153 3 2
154 2 1
154 1 1
154 4 2
154 3 2
155 2 1
155 1 1
155 4 2
155 3 2
156 2 1
156 1 1
156 4 2
156 3 2
157 2 1
157 1 1
157 4 2
157 3 2
158 2 1
158 1 1
158 4 2
158 3 2
159 2 1
159 1 1
159 4 2
159 3 2
160 2 1
160 1 1
160 4 2
160 3 2
161 2 1
161 1 1
161 4 2
161 3 2
162 2 1
162 1 1
162 4 2
162 3 2
163 2 1
163 1 1
163 4 2
163 3 2
164 2 1
164 1 1
164 4 2
164 3 2
165 2 1
165 1 1
165 4 2
165 3 2
166 2 1
166 1 1
166 4 2
166 3 2
167 2 1
167 1 1
167 4 2
167 3 2
168 2 1
168 1 1
168 4 2
168 3 2
169 2 1
169 1 1
169 4 2
169 3 2
170 2 1
170 1 1
170 4 2
170 3 2
171 2 1
171 1 1
171 4 2
171 3 2
172 2 1
172 1 1
172 4 2
172 3 2
173 2 1
173 1 1
173 4 2
173 3 2
174 2 1
174 1 1
174 4 2
174 3 2
175 2 1
175 1 1
175 4 2
175 3 2
176 2 1
176 1 1
176 4 2
176 3 2
177 2 1
177 1 1
177 4 2
177 3 2
178 2 1
178 1 1
178 4 2
178 3 2
179 2 1
179 1 1
179 4 2
179 3 2
180 2 1
180 1 1
180 4 2
180 3 2
181 2 1
181 1 1
181 4 2
181 3 2
182 2 1
182 1 1
182 4 2
182 3 2
183 2 1
183 1 1
183 4 2
183 3 2
184 2 1
184 1 1
184 4 2
184 3 2
185 2 1
185 1 1
185 4 2
185 3 2
186 2 1
186 1 1
186 4 2
186 3 2
187 2 1
187 1 1
187 4 2
187 3 2
188 2 1
188 1 1
188 4 2
188 3 2
189 2 1
189 1 1
189 4 2
189 3 2
190 2 1
190 1 1
190 4 2
190 3 2
191 2 1
191 1 1
191 4 2
191 3 2
192 2 1
192 1 1
192 4 2
192 3 2
193 2 1
193 1 1
193 4 2
193 3 2
194 2 1
194 1 1
194 4 2
194 3 2
195 2 1
195 1 1
195 4 2
195 3 2
196 2 1
196 1 1
196 4 2
196 3 2
197 2 1
197 1 1
197 4 2
197 3 2
198 2 1
198 1 1
198 4 2
198 3 2
199 2 1
199 1 1
199 4 2
199 3 2
