100 2 1
100 1 1
100 4 2
100 3 2
100 6 3
100 5 3
100 8 4
100 7 4
101 2 1
101 1 1
101 4 2
101 3 2
101 6 3
101 5 3
101 8 4
101 7 4
102 2 1
102 1 1
102 4 2
102 3 2
102 6 3
102 5 3
102 8 4
102 7 4
103 2 1
103 1 1
103 4 2
103 3 2
103 6 3
103 5 3
103 8 4
103 7 4
104 2 1
104 1 1
104 4 2
104 3 2
104 6 3
104 5 3
104 8 4
104 7 4
105 2 1
105 1 1
105 4 2
105 3 2
105 6 3
105 5 3
105 8 4
105 7 4
106 2 1
106 1 1
106 4 2
106 3 2
106 6 3
106 5 3
106 8 4
106 7 4
107 2 1
107 1 1
107 4 2
107 3 2
107 6 3
107 5 3
107 8 4
107 7 4
108 2 1
108 1 1
108 4 2
108 3 2
108 6 3
108 5 3
108 8 4
108 7 4
109 2 1
109 1 1
109 4 2
109 3 2
109 6 3
109 5 3
109 8 4
109 7 4
110 2 1
110 1 1
110 4 2
110 3 2
110 6 3
110 5 3
110 8 4
110 7 4
111 2 1
111 1 1
111 4 2
111 3 2
111 6 3
111 5 3
111 8 4
111 7 4
112 2 1
112 1 1
112 4 2
112 3 2
112 6 3
112 5 3
112 8 4
112 7 4
113 2 1
113 1 1
113 4 2
113 3 2
113 6 3
113 5 3
113 8 4
113 7 4
114 2 1
114 1 1
114 4 2
114 3 2
114 6 3
114 5 3
114 8 4
114 7 4
115 2 1
115 1 1
115 4 2
115 3 2
115 6 3
115 5 3
115 8 4
115 7 4
116 2 1
116 1 1
116 4 2
116 3 2
116 6 3
116 5 3
116 8 4
116 7 4
117 2 1
117 1 1
117 4 2
117 3 2
117 6 3
117 5 3
117 8 4
117 7 4
118 2 1
118 1 1
118 4 2
118 3 2
118 6 3
118 5 3
118 8 4
118 7 4
119 2 1
119 1 1
119 4 2
119 3 2
119 6 3
119 5 3
119 8 4
119 7 4
120 2 1
120 1 1
120 4 2
120 3 2
120 6 3
120 5 3
120 8 4
120 7 4
121 2 1
121 1 1
121 4 2
121 3 2
121 6 3
121 5 3
121 8 4
121 7 4
122 2 1
122 1 1
122 4 2
122 3 2
122 6 3
122 5 3
122 8 4
122 7 4
123 2 1
123 1 1
123 4 2
123 3 2
123 6 3
123 5 3
123 8 4
123 7 4
124 2 1
124 1 1
124 4 2
124 3 2
124 7 3
124 5 3
124 8 4
124 6 4
125 2 1
125 1 1
125 4 2
125 3 2
125 7 3
125 5 3
125 8 4
125 6 4
126 2 1
126 1 1
126 4 2
126 3 2
126 7 3
126 5 3
126 8 4
126 6 4
127 2 1
127 1 1
127 4 2
127 3 2
127 7 3
127 5 3
127 8 4
127 6 4
128 2 1
128 1 1
128 4 2
128 3 2
128 6 3
128 5 3
128 8 4
128 7 4
129 2 1
129 1 1
129 4 2
129 3 2
129 6 3
129 5 3
129 8 4
129 7 4
130 2 1
130 1 1
130 4 2
130 3 2
130 6 3
130 5 3
130 8 4
130 7 4
131 2 1
131 1 1
131 4 2
131 3 2
131 6 3
131 5 3
131 8 4
131 7 4
132 2 1
132 1 1
132 4 2
132 3 2
132 6 3
132 5 3
132 8 4
132 7 4
133 2 1
133 1 1
133 4 2
133 3 2
133 6 3
133 5 3
133 8 4
133 7 4
134 2 1
134 1 1
134 4 2
134 3 2
134 6 3
134 5 3
134 8 4
134 7 4
135 2 1
135 1 1
135 4 2
135 3 2
135 6 3
135 5 3
135 8 4
135 7 4
136 2 1
136 1 1
136 4 2
136 3 2
136 6 3
136 5 3
136 8 4
136 7 4
137 2 1
137 1 1
137 4 2
137 3 2
137 6 3
137 5 3
137 8 4
137 7 4
138 2 1
138 1 1
138 4 2
138 3 2
138 6 3
138 5 3
138 8 4
138 7 4
139 2 1
139 1 1
139 4 2
139 3 2
139 6 3
139 5 3
139 8 4
139 7 4
140 2 1
140 1 1
140 4 2
140 3 2
140 6 3
140 5 3
140 8 4
140 7 4
141 2 1
141 1 1
141 4 2
141 3 2
141 6 3
141 5 3
141 8 4
141 7 4
142 2 1
142 1 1
142 4 2
142 3 2
142 6 3
142 5 3
142 8 4
142 7 4
143 2 1
143 1 1
143 4 2
143 3 2
143 6 3
143 5 3
143 8 4
143 7 4
144 2 1
144 1 1
144 4 2
144 3 2
144 6 3
144 5 3
144 8 4
144 7 4
145 2 1
145 1 1
145 4 2
145 3 2
145 6 3
145 5 3
145 8 4
145 7 4
146 2 1
146 1 1
146 4 2
146 3 2
146 6 3
146 5 3
146 8 4
146 7 4
147 2 1
147 1 1
147 4 2
147 3 2
147 6 3
147 5 3
147 8 4
147 7 4
148 2 1
148 1 1
148 4 2
148 3 2
148 6 3
148 5 3
148 8 4
148 7 4
149 2 1
149 1 1
149 4 2
149 3 2
149 6 3
149 5 3
149 8 4
149 7 4
150 2 1
150 1 1
150 4 2
150 3 2
150 6 3
150 5 3
150 8 4
150 7 4
151 2 1
151 1 1
151 4 2
151 3 2
151 6 3
151 5 3
151 8 4
151 7 4
152 2 1
152 1 1
152 4 2
152 3 2
152 6 3
152 5 3
152 8 4
152 7 4
153 2 1
153 1 1
153 4 2
153 3 2
153 6 3
153 5 3
153 8 4
153 7 4
154 2 1
154 1 1
154 4 2
154 3 2
154 6 3
154 5 3
154 8 4
154 7 4
155 2 1
155 1 1
155 4 2
155 3 2
155 6 3
155 5 3
155 8 4
155 7 4
156 2 1
156 1 1
156 4 2
156 3 2
156 6 3
156 5 3
156 8 4
156 7 4
157 2 1
157 1 1
157 4 2
157 3 2
157 6 3
157 5 3
157 8 4
157 7 4
158 2 1
158 1 1
158 4 2
158 3 2
158 6 3
158 5 3
158 8 4
158 7 4
159 2 1
159 1 1
159 4 2
159 3 2
159 6 3
159 5 3
159 8 4
159 7 4
160 2 1
160 1 1
160 4 2
160 3 2
160 6 3
160 5 3
160 8 4
160 7 4
161 2 1
161 1 1
161 4 2
161 3 2
161 6 3
161 5 3
161 8 4
161 7 4
162 2 1
162 1 1
162 4 2
162 3 2
162 6 3
162 5 3
162 8 4
162 7 4
163 2 1
163 1 1
163 4 2
163 3 2
163 6 3
163 5 3
163 8 4
163 7 4
164 2 1
164 1 1
164 4 2
164 3 2
164 6 3
164 5 3
164 8 4
164 7 4
165 2 1
165 1 1
165 4 2
165 3 2
165 6 3
165 5 3
165 8 4
165 7 4
166 2 1
166 1 1
166 4 2
166 3 2
166 6 3
166 5 3
166 8 4
166 7 4
167 2 1
167 1 1
167 4 2
167 3 2
167 6 3
167 5 3
167 8 4
167 7 4
168 2 1
168 1 1
168 4 2
168 3 2
168 6 3
168 5 3
168 8 4
168 7 4
169 2 1
169 1 1
169 4 2
169 3 2
169 6 3
169 5 3
169 8 4
169 7 4
170 2 1
170 1 1
170 4 2
170 3 2
170 6 3
170 5 3
170 8 4
170 7 4
171 2 1
171 1 1
171 4 2
171 3 2
171 6 3
171 5 3
171 8 4
171 7 4
172 2 1
172 1 1
172 4 2
172 3 2
172 6 3
172 5 3
172 8 4
172 7 4
173 2 1
173 1 1
173 4 2
173 3 2
173 6 3
173 5 3
173 8 4
173 7 4
174 2 1
174 1 1
174 4 2
174 3 2
174 6 3
174 5 3
174 8 4
174 7 4
175 2 1
175 1 1
175 4 2
175 3 2
175 6 3
175 5 3
175 8 4
175 7 4
176 2 1
176 1 1
176 4 2
176 3 2
176 6 3
176 5 3
176 8 4
176 7 4
177 2 1
177 1 1
177 4 2
177 3 2
177 6 3
177 5 3
177 8 4
177 7 4
178 2 1
178 1 1
178 4 2
178 3 2
178 6 3
178 5 3
178 8 4
178 7 4
179 2 1
179 1 1
179 4 2
179 3 2
179 6 3
179 5 3
179 8 4
179 7 4
180 2 1
180 1 1
180 4 2
180 3 2
180 6 3
180 5 3
180 8 4
180 7 4
181 2 1
181 1 1
181 4 2
181 3 2
181 6 3
181 5 3
181 8 4
181 7 4
182 2 1
182 1 1
182 4 2
182 3 2
182 6 3
182 5 3
182 8 4
182 7 4
183 2 1
183 1 1
183 4 2
183 3 2
183 6 3
183 5 3
183 8 4
183 7 4
184 2 1
184 1 1
184 4 2
184 3 2
184 6 3
184 5 3
184 8 4
184 7 4
185 2 1
185 1 1
185 4 2
185 3 2
185 6 3
185 5 3
185 8 4
185 7 4
186 2 1
186 1 1
186 4 2
186 3 2
186 6 3
186 5 3
186 8 4
186 7 4
187 2 1
187 1 1
187 4 2
187 3 2
187 6 3
187 5 3
187 8 4
187 7 4
188 2 1
188 1 1
188 4 2
188 3 2
188 6 3
188 5 3
188 8 4
188 7 4
189 2 1
189 1 1
189 4 2
189 3 2
189 6 3
189 5 3
189 8 4
189 7 4
190 2 1
190 1 1
190 4 2
190 3 2
190 6 3
190 5 3
190 8 4
190 7 4
191 2 1
191 1 1
191 4 2
191 3 2
191 6 3
191 5 3
191 8 4
191 7 4
192 2 1
192 1 1
192 4 2
192 3 2
192 6 3
192 5 3
192 8 4
192 7 4
193 2 1
193 1 1
193 4 2
193 3 2
193 6 3
193 5 3
193 8 4
193 7 4
194 2 1
194 1 1
194 4 2
194 3 2
194 6 3
194 5 3
194 8 4
194 7 4
195 2 1
195 1 1
195 4 2
195 3 2
195 6 3
195 5 3
195 8 4
195 7 4
196 2 1
196 1 1
196 4 2
196 3 2
196 6 3
196 5 3
196 8 4
196 7 4
197 2 1
197 1 1
197 4 2
197 3 2
197 6 3
197 5 3
197 8 4
197 7 4
198 2 1
198 1 1
198 4 2
198 3 2
198 6 3
198 5 3
198 8 4
198 7 4
199 2 1
199 1 1
199 4 2
199 3 2
199 6 3
199 5 3
199 8 4
199 7 4
