514 4 1
514 1 1
514 3 2
514 2 2
515 4 1
515 1 1
515 3 2
515 2 2
518 4 1
518 1 1
518 3 2
518 2 2
519 4 1
519 1 1
519 3 2
519 2 2
521 4 1
521 1 1
521 3 2
521 2 2
522 4 1
522 1 1
522 3 2
522 2 2
523 3 1
523 1 1
523 4 2
523 2 2
524 2 1
524 1 1
524 4 2
524 3 2
531 2 1
531 1 1
531 4 2
531 3 2
533 2 1
533 1 1
533 4 2
533 3 2
534 4 1
534 1 1
534 3 2
534 2 2
537 4 1
537 1 1
537 3 2
537 2 2
539 3 1
539 1 1
539 4 2
539 2 2
540 3 1
540 1 1
540 4 2
540 2 2
543 4 1
543 1 1
543 3 2
543 2 2
544 4 1
544 1 1
544 3 2
544 2 2
545 4 1
545 1 1
545 3 2
545 2 2
546 4 1
546 1 1
546 3 2
546 2 2
547 4 1
547 1 1
547 3 2
547 2 2
552 4 1
552 1 1
552 3 2
552 2 2
555 4 1
555 1 1
555 3 2
555 2 2
559 3 1
559 1 1
559 4 2
559 2 2
562 4 1
562 1 1
562 3 2
562 2 2
565 4 1
565 1 1
565 3 2
565 2 2
566 4 1
566 1 1
566 3 2
566 2 2
570 3 1
570 1 1
570 4 2
570 2 2
572 4 1
572 1 1
572 3 2
572 2 2
